(36488, 888, 100, 200)
(0, 0.997266863452498, 0.994548626253816, 0.9959058900595011, '\n')
(72598, 1240, 73, 320)
(1, 0.998995472747038, 0.9956115088181244, 0.9973006202391664, '\n')
(40092, 1684, 182, 405)
(2, 0.9954809554551324, 0.9899992592043855, 0.9927325401443587, '\n')
(54677, 1119, 197, 508)
(3, 0.9964099573568539, 0.9907945999818791, 0.9935943448513977, '\n')
(22604, 1409, 290, 222)
(4, 0.9873329256573775, 0.9902742486638044, 0.9888013998250219, '\n')
(56154, 2759, 73, 190)
(5, 0.9987016913582443, 0.9966278574471106, 0.9976636966892005, '\n')
(52420, 2684, 115, 245)
(6, 0.9978109831540878, 0.9953479540491788, 0.9965779467680609, '\n')
(27179, 2798, 190, 180)
(7, 0.9930578391610947, 0.9934208121641873, 0.9932392925010962, '\n')
(37706, 1482, 174, 213)
(8, 0.9954065469904964, 0.9943827632585247, 0.9948943917465929, '\n')
(37332, 3005, 143, 343)
(9, 0.996184122748499, 0.9908958195089582, 0.9935329341317365, '\n')
(27609, 1525, 220, 125)
(10, 0.9920945775989076, 0.9954928968053652, 0.9937908320285083, '\n')
(40163, 1357, 213, 427)
(11, 0.9947245888646721, 0.989480167528948, 0.9920954474717782, '\n')
(31807, 2697, 134, 398)
(12, 0.9958047650355343, 0.9876416705480515, 0.9917064197299909, '\n')
(39566, 792, 164, 394)
(13, 0.9958721369242386, 0.9901401401401402, 0.9929978667335928, '\n')
(38423, 1085, 230, 500)
(14, 0.9940496209867281, 0.9871541248105233, 0.9905898731566464, '\n')
